alicates
2040
152 131
153 131
154 131
155 131
156 131
157 131
158 131
159 131
160 131
161 131
162 131
163 131
164 131
165 132
166 132
167 132
168 132
169 132
170 132
171 132
172 132
173 132
174 132
175 132
176 133
177 133
178 133
179 133
180 134
181 134
182 134
183 135
184 135
185 135
186 135
187 136
188 136
189 137
190 137
191 137
192 138
193 138
194 139
195 139
196 139
197 140
198 140
199 141
200 141
201 142
202 142
203 143
204 143
205 143
206 144
207 145
208 145
209 146
210 146
211 147
212 147
213 148
214 149
215 149
216 150
217 150
218 151
219 151
220 152
221 153
222 153
223 154
224 155
225 155
226 156
227 156
228 157
229 158
230 158
231 159
232 160
233 161
234 161
235 162
236 163
237 163
238 164
239 165
240 166
241 167
242 168
243 168
244 169
245 170
246 171
247 171
248 172
249 173
250 173
251 173
252 173
253 173
254 174
255 174
256 175
257 175
258 175
259 175
260 175
261 176
262 176
263 176
264 176
265 177
266 177
267 177
268 177
269 177
270 178
271 178
272 178
273 179
274 179
275 179
276 179
277 179
278 180
279 180
280 180
281 180
282 181
283 181
284 181
285 181
286 181
287 182
288 182
289 182
290 183
291 183
292 183
293 184
294 184
295 184
296 185
297 185
298 185
299 186
300 186
301 186
302 187
303 187
304 187
305 187
306 188
307 188
308 189
309 189
310 189
311 190
312 190
313 190
314 191
315 191
316 191
317 192
318 192
319 193
320 193
321 194
322 194
323 195
324 195
325 195
326 195
327 195
328 196
329 195
330 195
331 195
332 195
333 195
334 195
335 195
336 195
337 195
338 195
339 195
340 195
341 195
342 195
343 195
344 195
345 195
346 195
347 195
348 194
349 194
350 194
351 194
352 194
353 194
354 194
355 194
356 194
357 193
358 193
359 193
360 193
361 193
362 193
363 193
364 193
365 193
366 192
367 192
368 192
369 192
370 192
371 192
372 191
373 191
374 191
375 191
376 191
377 191
378 191
379 191
380 191
381 190
382 190
383 190
384 190
385 190
386 189
387 189
388 189
389 189
390 189
391 189
392 189
393 189
394 188
395 188
396 188
397 188
398 188
399 187
400 187
401 187
402 187
403 187
404 187
405 187
406 187
407 186
408 186
409 186
410 186
411 186
412 186
413 185
414 185
415 185
416 185
417 185
418 185
419 185
420 185
421 184
422 184
423 184
424 184
425 184
426 183
427 183
428 183
429 183
430 183
431 183
432 183
433 183
434 182
435 182
436 182
437 182
438 182
439 181
440 181
441 181
442 181
443 181
444 181
445 181
446 180
447 180
448 180
449 180
450 180
451 179
452 179
453 179
454 179
455 179
456 179
457 179
458 179
459 178
460 178
461 178
462 178
463 178
464 177
465 177
466 177
467 177
468 177
469 177
470 177
471 176
472 176
473 176
474 176
475 176
476 175
477 175
478 175
479 175
480 175
481 175
482 175
483 175
484 175
485 175
486 175
487 174
488 174
489 174
490 174
491 174
492 174
493 173
494 173
495 173
496 173
497 173
498 173
499 173
500 173
501 173
502 173
503 173
504 172
505 172
506 172
507 172
508 172
509 172
510 171
511 171
512 171
513 171
514 171
515 171
516 171
517 171
518 171
519 171
520 171
521 171
522 171
523 170
524 170
525 170
526 170
527 170
528 170
529 170
530 170
531 170
532 170
533 170
534 169
535 169
536 169
537 169
538 169
539 169
540 169
541 169
542 169
543 169
544 169
545 169
546 169
547 169
548 169
549 169
550 169
551 169
552 168
553 168
554 168
555 168
556 168
557 168
558 168
559 168
560 168
561 168
562 168
563 168
564 168
565 168
566 168
567 168
568 168
569 168
570 168
571 168
572 168
573 168
574 168
575 168
576 168
577 168
578 168
579 168
580 168
581 168
582 168
583 168
584 168
585 168
586 168
587 169
588 169
589 169
590 169
591 169
592 169
593 169
594 170
595 170
596 170
597 170
598 171
599 171
600 171
601 171
602 171
603 172
604 172
605 172
606 172
607 173
608 173
609 173
610 173
611 174
612 174
613 174
614 175
615 175
616 175
617 176
618 176
619 177
620 177
621 178
622 178
623 179
624 179
625 179
626 179
627 180
628 180
629 181
630 181
631 181
632 181
633 182
634 182
635 183
636 183
637 183
638 184
639 184
640 185
641 185
642 186
643 186
644 187
645 188
646 188
647 189
648 189
649 190
650 191
651 191
652 192
653 193
654 193
655 194
656 195
657 195
658 196
659 197
660 198
661 199
662 199
663 200
664 201
665 202
666 203
667 203
668 204
669 205
670 205
671 206
672 207
673 208
674 209
675 210
676 211
677 212
678 213
679 214
680 215
681 216
682 217
683 218
684 219
685 220
686 221
687 221
687 222
688 223
689 223
689 224
690 225
691 225
691 226
692 227
693 228
694 229
694 230
695 231
696 232
697 233
697 234
698 235
699 236
700 237
700 238
701 239
702 240
703 241
703 242
704 243
704 244
703 244
702 244
701 245
700 245
699 246
698 246
697 246
696 247
695 247
694 247
693 248
692 248
691 248
690 248
689 249
688 249
687 249
686 249
685 249
684 249
683 249
682 249
681 249
680 249
679 249
678 248
677 248
676 248
675 248
674 247
673 247
672 247
671 246
670 246
669 246
668 246
667 245
666 245
665 244
664 244
663 244
662 243
661 243
660 242
659 242
658 242
657 241
656 241
655 240
654 240
653 239
652 239
651 238
650 238
649 237
648 236
647 236
646 235
645 235
644 234
643 234
642 233
641 233
640 232
639 232
638 231
637 231
636 230
635 229
634 229
633 228
632 228
631 227
630 226
629 226
628 225
627 225
626 224
625 224
624 224
623 223
622 223
621 222
620 222
619 222
618 222
617 221
616 221
615 220
614 220
613 220
612 220
611 219
610 219
609 219
608 218
607 218
606 218
605 218
604 217
603 217
602 217
601 216
600 216
599 216
598 216
597 216
596 216
595 215
594 215
593 215
592 215
591 214
590 214
589 214
588 214
587 214
586 214
585 213
584 213
583 213
582 213
581 213
580 213
579 213
578 213
577 213
576 213
575 213
574 213
573 213
572 213
571 213
570 213
569 213
568 213
567 213
566 213
565 213
564 213
563 213
562 213
561 213
560 213
559 213
558 213
557 213
556 213
555 213
554 213
553 213
552 213
551 213
550 213
549 213
548 214
547 214
546 214
545 214
544 214
543 214
542 214
541 214
540 214
539 214
538 214
537 214
536 214
535 214
534 214
533 214
532 214
531 214
530 214
529 215
528 215
527 215
526 215
525 215
524 215
523 215
522 215
521 216
520 216
519 216
518 216
517 216
516 216
515 216
514 216
513 216
512 216
511 216
510 216
509 216
508 216
507 216
506 217
505 217
504 217
503 217
502 217
501 217
500 217
499 217
498 218
497 218
496 218
495 218
494 218
493 218
492 218
491 218
490 218
489 218
488 218
487 218
486 218
485 218
484 219
483 219
482 219
481 219
480 219
479 219
478 219
477 219
476 219
475 220
474 220
473 220
472 220
471 220
470 220
469 220
468 220
467 220
466 220
465 220
464 220
463 220
462 221
461 221
460 221
459 221
458 221
457 222
456 222
455 222
454 222
453 222
452 222
451 222
450 222
449 222
448 223
447 223
446 223
445 223
444 224
443 224
442 224
441 224
440 224
439 224
438 224
437 224
436 225
435 225
434 225
433 225
432 225
431 225
430 226
429 226
428 226
427 226
426 226
425 226
424 226
423 226
422 227
421 227
420 227
419 227
418 227
417 227
416 228
415 228
414 228
413 228
412 228
411 228
410 228
409 229
408 229
407 229
406 229
405 229
404 230
403 230
402 230
401 230
400 230
399 230
398 231
397 231
396 231
395 232
394 232
393 232
392 232
391 232
390 233
389 233
388 233
387 234
386 234
385 234
384 234
383 234
382 234
381 234
380 234
379 234
378 234
377 234
376 235
375 235
374 235
373 235
372 235
371 236
370 236
369 236
368 236
367 236
366 236
365 236
364 236
363 237
362 237
361 237
360 237
359 237
358 237
357 238
356 238
355 238
354 238
353 238
352 238
351 238
350 238
349 238
348 238
347 239
346 239
345 239
344 239
343 239
342 240
341 240
340 240
339 240
338 240
337 240
336 240
335 240
334 240
333 240
332 239
331 239
330 239
329 238
328 238
327 238
326 238
325 237
324 237
323 236
322 236
321 236
320 236
319 235
318 235
317 234
316 234
315 234
314 234
313 233
312 233
311 233
310 232
309 232
308 232
307 232
306 232
305 231
304 231
303 231
302 232
301 232
300 233
299 234
298 235
297 236
297 237
296 238
295 239
294 240
293 241
293 242
292 243
291 244
290 245
290 246
289 247
289 248
288 249
288 250
288 251
288 252
289 253
290 254
291 255
292 256
293 257
294 258
295 259
296 260
297 261
298 261
299 262
299 263
300 264
301 265
302 266
303 267
304 267
305 268
306 269
307 269
308 270
309 271
310 271
311 271
312 272
313 273
314 273
315 273
316 274
317 274
318 275
319 276
320 277
321 277
322 277
323 278
323 279
324 280
324 281
325 282
325 283
326 284
326 285
327 286
328 287
328 288
329 289
330 290
330 291
330 292
331 293
331 294
332 295
332 296
333 297
333 298
333 299
334 300
334 301
335 302
335 303
336 304
336 305
336 306
337 307
337 308
338 309
338 310
339 311
340 312
340 313
341 314
341 315
342 316
342 317
342 318
343 319
343 320
344 321
344 322
345 323
345 324
346 325
346 326
347 327
348 328
348 329
349 330
349 331
350 332
350 333
350 334
351 335
351 336
352 337
352 338
353 339
353 340
354 341
354 342
355 343
355 344
356 345
356 346
357 347
357 348
358 349
358 350
359 351
359 352
360 353
361 354
361 355
361 356
362 357
363 358
363 359
363 360
364 361
365 362
365 363
366 364
366 365
367 366
368 367
368 368
369 369
369 370
370 371
370 372
371 373
371 374
372 375
372 376
373 377
373 378
374 379
374 380
375 381
376 382
377 382
378 382
379 382
379 383
378 384
378 385
378 386
378 387
379 388
380 389
380 390
381 391
381 392
382 393
382 394
383 395
384 396
384 397
385 398
386 399
386 400
387 401
388 402
388 403
389 404
389 405
390 406
391 407
391 408
392 409
393 410
393 411
394 412
395 413
395 414
396 415
397 416
397 417
398 418
399 419
399 420
400 421
401 422
402 423
402 424
403 425
404 426
404 427
405 428
406 429
407 430
408 431
409 432
410 433
410 434
411 435
411 436
412 437
413 438
414 439
414 440
415 441
415 442
416 443
417 444
418 445
418 446
419 447
419 448
420 449
421 450
422 451
422 452
423 453
423 454
424 455
425 456
426 457
427 458
427 459
428 460
429 461
430 462
431 463
431 464
432 465
433 466
434 467
435 468
435 469
436 470
437 471
437 472
438 473
439 474
440 475
441 475
442 476
443 477
444 478
445 479
446 480
447 481
448 482
449 483
450 483
451 484
452 485
453 486
454 487
455 487
456 488
457 489
458 489
459 490
460 491
461 491
462 492
463 493
464 493
465 494
466 495
467 495
468 496
468 497
468 498
469 499
470 500
471 501
472 501
473 501
474 502
475 503
476 503
477 503
478 504
479 505
480 505
481 505
482 506
483 507
484 507
485 507
486 508
487 509
488 509
489 509
490 510
491 511
492 511
493 511
494 512
495 513
496 513
497 513
498 514
499 514
500 515
501 515
502 516
503 516
504 517
505 517
506 518
507 518
508 519
509 519
510 519
511 520
512 521
513 521
514 521
515 522
516 523
517 523
518 524
519 524
520 525
521 525
522 526
523 527
524 527
525 528
526 529
527 529
528 530
529 531
530 531
531 532
532 533
533 533
534 534
535 534
536 535
537 536
538 536
539 537
540 538
541 539
542 539
543 540
544 541
544 542
545 543
546 543
546 544
547 545
548 546
549 547
550 548
549 548
548 548
547 548
546 549
545 550
544 550
543 550
542 551
541 551
540 551
539 551
538 551
537 551
536 551
535 551
534 552
533 552
532 552
531 552
530 552
529 552
528 552
527 552
526 552
525 552
524 552
523 552
522 552
521 552
520 552
519 552
518 552
517 552
516 552
515 552
514 552
513 552
512 552
511 552
510 552
509 552
508 552
507 552
506 551
505 551
504 551
503 551
502 551
501 551
500 551
499 550
498 550
497 550
496 550
495 550
494 550
493 550
492 550
491 550
490 550
489 549
488 549
487 549
486 549
485 548
484 548
483 548
482 548
481 548
480 547
479 547
478 546
477 546
476 546
475 545
474 544
473 544
472 544
471 543
470 543
469 542
468 542
467 542
466 541
465 540
464 540
463 540
462 540
461 539
460 539
459 538
458 538
457 538
456 537
455 537
454 536
453 536
452 536
451 535
450 534
449 534
448 533
447 532
446 532
445 531
444 531
443 530
442 529
441 529
440 528
439 528
438 527
437 526
436 526
435 525
434 524
433 524
432 523
431 522
430 522
429 521
428 520
427 519
426 518
425 518
424 517
423 516
422 515
421 514
420 514
420 513
419 512
418 512
417 511
416 510
415 509
414 508
413 507
412 506
411 506
411 505
410 504
409 504
408 503
407 502
406 501
405 500
404 499
403 498
402 497
401 496
400 495
399 494
399 493
398 492
397 491
396 490
395 489
394 488
393 487
392 486
392 485
391 484
390 483
389 482
388 481
388 480
387 479
386 478
385 477
384 476
384 475
383 474
382 474
382 473
381 472
381 471
380 470
379 469
379 468
378 467
377 466
377 465
376 464
375 463
374 462
374 461
373 460
373 459
372 458
371 457
371 456
370 455
369 454
369 453
368 452
367 451
367 450
366 449
365 448
365 447
364 446
364 445
363 444
362 443
361 442
361 441
360 440
360 439
359 438
358 437
358 436
357 435
356 434
356 433
355 432
354 431
354 430
353 429
352 428
352 427
351 426
351 425
350 424
349 423
349 422
348 421
347 420
347 419
346 418
346 417
345 416
344 415
344 414
343 413
342 412
342 411
341 410
341 409
340 408
339 407
338 406
337 405
337 404
336 403
336 402
335 401
334 400
334 399
333 398
333 397
332 396
331 395
331 394
330 393
330 392
329 391
328 390
328 389
327 388
327 387
326 386
326 385
325 384
325 383
324 382
324 381
323 380
322 379
322 378
321 377
321 376
320 375
319 374
319 373
318 372
318 371
317 370
317 369
316 368
316 367
315 366
315 365
314 364
314 363
313 362
313 361
312 360
312 359
311 358
311 357
310 356
310 355
309 354
309 353
308 352
307 351
307 350
307 349
306 348
306 347
305 346
305 345
304 344
304 343
303 342
303 341
302 340
301 339
301 338
300 337
300 336
299 335
299 334
298 333
298 332
297 331
297 330
296 329
296 328
296 327
295 326
295 325
294 324
294 323
293 322
293 321
292 320
292 319
292 318
291 317
291 316
291 315
290 314
290 313
289 312
289 311
289 310
288 309
288 308
288 307
287 306
287 305
286 304
286 303
286 302
286 301
285 300
285 299
284 298
284 297
283 296
283 295
282 294
281 293
280 292
279 292
278 291
277 291
276 290
275 289
274 289
273 288
272 288
271 287
270 286
269 286
268 285
267 285
266 284
265 284
264 283
263 282
262 282
261 281
260 280
259 280
258 279
257 278
256 278
255 277
254 276
253 276
252 275
251 274
250 274
249 273
248 272
247 271
246 270
245 270
244 269
243 268
242 268
241 267
240 266
239 265
238 264
237 263
236 262
235 262
234 261
233 260
233 259
232 258
231 257
230 256
229 255
228 254
227 253
226 252
225 251
224 250
223 250
222 249
221 249
220 248
219 248
218 248
217 248
216 247
215 247
214 247
213 246
212 246
211 246
210 245
209 245
208 245
207 244
206 244
205 244
204 244
203 244
202 243
201 243
200 243
199 242
198 242
197 242
196 242
195 241
194 241
193 240
192 240
191 240
190 240
189 239
188 239
187 239
186 238
185 238
184 238
183 238
182 237
181 237
180 237
179 236
178 236
177 236
176 236
175 235
174 235
173 234
172 234
171 234
170 233
169 233
168 232
167 232
166 232
165 232
164 231
163 231
162 230
161 230
160 230
159 229
158 229
157 228
156 228
155 227
154 226
153 226
152 226
151 225
150 224
149 224
148 223
147 223
146 222
145 222
144 221
143 221
142 220
141 220
140 219
139 218
138 217
137 216
136 215
135 214
134 213
133 212
132 211
131 210
130 209
129 208
128 207
127 206
126 205
125 204
124 203
124 202
123 201
123 200
122 199
121 198
121 197
120 196
120 195
119 194
119 193
118 192
117 191
117 190
117 189
116 188
116 187
115 186
115 185
114 184
114 183
114 182
114 181
114 180
114 179
115 179
116 178
117 179
118 179
119 179
120 179
121 179
122 180
123 180
124 180
125 181
126 181
127 181
128 181
129 182
130 182
131 182
132 183
133 183
134 183
135 183
136 184
137 184
138 184
139 185
140 185
141 185
142 185
143 186
144 186
145 186
146 187
147 187
148 187
149 187
150 187
151 188
152 188
153 188
154 189
155 189
156 189
157 189
158 189
159 190
160 190
161 190
162 191
163 191
164 191
165 191
166 192
167 192
168 192
169 193
170 193
171 193
172 193
173 193
174 194
175 194
176 194
177 195
178 195
179 195
180 195
181 195
182 196
183 196
184 196
185 197
186 197
187 197
188 197
189 197
190 198
191 198
192 199
193 199
194 198
195 197
196 196
196 195
196 194
196 193
196 192
197 191
197 190
197 189
197 188
197 187
197 186
197 185
197 184
197 183
196 182
195 181
194 180
193 180
192 179
191 178
190 177
189 176
188 176
187 175
186 174
185 173
184 172
183 171
182 170
181 170
180 169
179 168
178 167
177 166
176 166
176 165
175 164
174 164
173 163
172 162
171 161
170 160
169 160
168 159
167 158
166 157
165 156
164 155
163 154
162 154
161 153
160 152
159 151
158 150
157 149
156 148
155 148
155 147
154 146
153 146
152 145
151 144
150 143
149 142
148 141
147 140
146 140
145 139
144 138
143 137
142 136
141 135
140 134
139 134
138 133
139 133
140 133
141 132
142 132
143 132
144 132
145 132
146 132
147 132
148 132
149 132
150 132
151 132

